%YAML:1.0
---

K: !!opencv-matrix
   rows: 3
   cols: 3
   dt: d
   data: [ 1321.612902, 0.000000, 475.777480, 0.000000, 1323.254142, 219.050536, 0.000000, 0.000000, 1.000000]
D: !!opencv-matrix
   rows: 1
   cols: 5
   dt: d
   data: [-0.064938, 0.116106, -0.001341, 0.004295, 0.000000]
Tcb: !!opencv-matrix
   rows: 3
   cols: 3
   dt: f
   data: [ -9.99758482e-01, 2.05852799e-02, 7.68128550e-03,
           7.81105878e-03, 6.23124838e-03, 9.99950051e-01, 2.05363873e-02,
           9.99768615e-01, -6.39045238e-03 ]