image_width: 960
image_height: 768
camera_name: mv_camera
camera_matrix:
  rows: 3
  cols: 3
  data: [1740.660258, 0.000000, 491.767, 0.000000, 1742.059581, 338.0295, 0.000000, 0.000000, 1.000000]
distortion_model: plumb_bob
distortion_coefficients:
  rows: 1
  cols: 5
  data: [-0.064155, 0.134900, -0.002572, 0.003908, 0.000000]
rectification_matrix:
  rows: 3
  cols: 3
  data: [1.000000, 0.000000, 0.000000, 0.000000, 1.000000, 0.000000, 0.000000, 0.000000, 1.000000]
projection_matrix:
  rows: 3
  cols: 4
  data: [1310.880371, 0.000000, 464.103926, 0.000000, 0.000000, 1309.757690, 252.732785, 0.000000, 0.000000, 0.000000, 1.000000, 0.000000]
Tcb: #!!opencv-matrix
  rows: 3
  cols: 3
  data: [ -9.99758482e-01, 2.05852799e-02, 7.68128550e-03, 7.81105878e-03, 6.23124838e-03, 9.99950051e-01, 2.05363873e-02, 9.99768615e-01, -6.39045238e-03 ]


# image_width: 960
# image_height: 768
# camera_name: narrow_stereo
# camera_matrix:
#   rows: 3
#   cols: 3
#   data: [1328.233630, 0.000000, 488.238621, 0.000000, 1324.759090, 251.737939, 0.000000, 0.000000, 1.000000]
# distortion_model: plumb_bob
# distortion_coefficients:
#   rows: 1
#   cols: 5
#   data: [-0.073282, 0.190732, 0.004470, 0.004128, 0.000000]
# rectification_matrix:
#   rows: 3
#   cols: 3
#   data: [1.000000, 0.000000, 0.000000, 0.000000, 1.000000, 0.000000, 0.000000, 0.000000, 1.000000]
# projection_matrix:
#   rows: 3
#   cols: 4
#   data: [1310.880371, 0.000000, 464.103926, 0.000000, 0.000000, 1309.757690, 252.732785, 0.000000, 0.000000, 0.000000, 1.000000, 0.000000]



# 210.620495
#   image_width: 960
# image_height: 768
# camera_name: narrow_stereo
# camera_matrix:
#   rows: 3
#   cols: 3
#   data: [1328.233630, 0.000000, 480.238621, 0.000000, 1324.759090, 320.737939, 0.000000, 0.000000, 1.000000]
# distortion_model: plumb_bob
# distortion_coefficients:
#   rows: 1
#   cols: 5
#   data: [-0.073282, 0.190732, 0.004470, 0.004128, 0.000000]
# rectification_matrix:
#   rows: 3
#   cols: 3
#   data: [1.000000, 0.000000, 0.000000, 0.000000, 1.000000, 0.000000, 0.000000, 0.000000, 1.000000]
# projection_matrix:
#   rows: 3
#   cols: 4
#   data: [1310.880371, 0.000000, 464.103926, 0.000000, 0.000000, 1309.757690, 215.732785, 0.000000, 0.000000, 0.000000, 1.000000, 0.000000]